Complete Results Table:
========================================================================================================================
Window_Size  GS  Total_Mem_MB  Avg_Mem_KB  Effective_Pixel      Max_Mem_MB Max_Area_Agg_MB  Total_Valid_Windows
        5x5   8    515.743160    0.377224         1.931388  tensor(0.1945)  tensor(0.1029)              1400019
        5x5  16    707.579993    1.024824         2.623550  tensor(0.1782)  tensor(0.0981)               707011
        5x5  48   1203.009881    5.099884         4.351901  tensor(0.1258)  tensor(0.0855)               241551
      10x10   8    214.642497    0.623456         0.798024  tensor(0.2676)  tensor(0.1571)               352541
      10x10  16    247.130352    1.422309         0.910278  tensor(0.2048)  tensor(0.1216)               177923
      10x10  48    352.188399    5.957068         1.270841  tensor(0.1375)  tensor(0.0946)                60540
      20x20   8    112.463249    1.282032         0.410250  tensor(0.3393)  tensor(0.2158)                89828
      20x20  16    104.659703    2.366967         0.378715  tensor(0.2631)  tensor(0.1656)                45278
      20x20  48    116.344075    7.767903         0.414288  tensor(0.1622)  tensor(0.1146)                15337
      40x40   8     72.430911    3.208568         0.256685  tensor(0.5185)  tensor(0.3713)                23116
      40x40  16     54.823807    4.824231         0.192969  tensor(0.3782)  tensor(0.2713)                11637
      40x40  48     45.388459   11.805380         0.157405  tensor(0.2177)  tensor(0.1607)                 3937
      80x80   8     54.739112    8.998692         0.179974  tensor(1.0658)  tensor(0.8148)                 6229
      80x80  16     35.170980   11.554406         0.115544  tensor(0.6723)  tensor(0.5038)                 3117
      80x80  48     21.720290   21.386132         0.071287  tensor(0.3515)  tensor(0.2766)                 1040
    160x160   8     45.817732   27.943631         0.139718  tensor(2.8366)  tensor(2.4184)                 1679
    160x160  16     26.407800   32.192366         0.080481  tensor(1.6328)  tensor(1.3957)                  840
    160x160  48     12.635386   46.209412         0.038508  tensor(0.7310)  tensor(0.6290)                  280
    320x320   8     40.859535   72.639174         0.090799  tensor(8.5150)  tensor(7.7812)                  576
    320x320  16     22.123143   78.660066         0.049163  tensor(4.6727)  tensor(4.2160)                  288
    320x320  48      9.095759   97.021426         0.020213  tensor(1.9220)  tensor(1.7338)                   96
  2000x2000   8     34.551873  737.106628         0.123811 tensor(43.6417) tensor(43.2899)                   48
  2000x2000  16     17.337107  739.716576         0.062125 tensor(21.8354) tensor(21.7497)                   24
  2000x2000  48      5.807623  743.375717         0.020811  tensor(7.2820)  tensor(7.2820)                    8

Window_Size  GS  Total_Mem_MB  Avg_Mem_KB  Effective_Pixel Max_Mem_MB Max_Area_Agg_MB  Total_Valid_Windows
        5x5   8    515.743160    0.377224         1.931388  0.1945  0.1029              1400019
        5x5  16    707.579993    1.024824         2.623550  0.1782  0.0981               707011
        5x5  48   1203.009881    5.099884         4.351901  0.1258  0.0855               241551
      10x10   8    214.642497    0.623456         0.798024  0.2676  0.1571               352541
      10x10  16    247.130352    1.422309         0.910278  0.2048  0.1216               177923
      10x10  48    352.188399    5.957068         1.270841  0.1375  0.0946                60540
      20x20   8    112.463249    1.282032         0.410250  0.3393  0.2158                89828
      20x20  16    104.659703    2.366967         0.378715  0.2631  0.1656                45278
      20x20  48    116.344075    7.767903         0.414288  0.1622  0.1146                15337
      40x40   8     72.430911    3.208568         0.256685  0.5185  0.3713                23116
      40x40  16     54.823807    4.824231         0.192969  0.3782  0.2713                11637
      40x40  48     45.388459   11.805380         0.157405  0.2177  0.1607                 3937
      80x80   8     54.739112    8.998692         0.179974  1.0658  0.8148                 6229
      80x80  16     35.170980   11.554406         0.115544  0.6723  0.5038                 3117
      80x80  48     21.720290   21.386132         0.071287  0.3515  0.2766                 1040
    160x160   8     45.817732   27.943631         0.139718  2.8366  2.4184                 1679
    160x160  16     26.407800   32.192366         0.080481  1.6328  1.3957                  840
    160x160  48     12.635386   46.209412         0.038508  0.7310  0.6290                  280
  2000x2000   8     34.551873  737.106628         0.123811 43.6417 43.2899                   48
  2000x2000  16     17.337107  739.716576         0.062125 21.8354 21.7497                   24
  2000x2000  48      5.807623  743.375717         0.020811  7.2820  7.2820                    8